[+23-12-20_20_20_29.981729] [8 0 0 0 66 66 66 66 66 66 35 35 35 35 35 35 255 255 255 255 255 255 0 0 65 65 65 65 65 65 65 65 65 65 65 65 65 65 65 65 65 65 65 65 65 65 65 65 65 65 65 65 65 65 65 65 65 65 65 65 65 65 65 65 65 65 65 65 65 65 65 65 65 65 65 65 65 65 65 65 65 65 65 65 65 65 65 65 3 242 239 228 ]
[+23-12-20_20_20_30.979947] [8 0 0 0 66 66 66 66 66 66 35 35 35 35 35 35 255 255 255 255 255 255 16 0 66 66 66 66 66 66 66 66 66 66 66 66 66 66 66 66 66 66 66 66 66 66 66 66 66 66 66 66 66 66 66 66 66 66 66 66 66 66 66 66 66 66 66 66 66 66 66 66 66 66 66 66 66 66 66 66 66 66 66 66 66 66 66 66 222 44 147 35 ]
[+23-12-20_20_20_31.978935] [8 0 0 0 66 66 66 66 66 66 35 35 35 35 35 35 255 255 255 255 255 255 32 0 67 67 67 67 67 67 67 67 67 67 67 67 67 67 67 67 67 67 67 67 67 67 67 67 67 67 67 67 67 67 67 67 67 67 67 67 67 67 67 67 67 67 67 67 67 67 67 67 67 67 67 67 67 67 67 67 67 67 67 67 67 67 67 67 221 105 22 147 ]
[+23-12-20_20_20_32.979117] [8 0 0 0 66 66 66 66 66 66 35 35 35 35 35 35 255 255 255 255 255 255 48 0 68 68 68 68 68 68 68 68 68 68 68 68 68 68 68 68 68 68 68 68 68 68 68 68 68 68 68 68 68 68 68 68 68 68 68 68 68 68 68 68 68 68 68 68 68 68 68 68 68 68 68 68 68 68 68 68 68 68 68 68 68 68 68 68 37 151 27 118 ]
[+23-12-20_20_20_33.977470] [8 0 0 0 66 66 66 66 66 66 35 35 35 35 35 35 255 255 255 255 255 255 64 0 69 69 69 69 69 69 69 69 69 69 69 69 69 69 69 69 69 69 69 69 69 69 69 69 69 69 69 69 69 69 69 69 69 69 69 69 69 69 69 69 69 69 69 69 69 69 69 69 69 69 69 69 69 69 69 69 69 69 69 69 69 69 69 69 191 197 28 11 ]
[+23-12-20_20_20_34.976658] [8 0 0 0 66 66 66 66 66 66 35 35 35 35 35 35 255 255 255 255 255 255 80 0 70 70 70 70 70 70 70 70 70 70 70 70 70 70 70 70 70 70 70 70 70 70 70 70 70 70 70 70 70 70 70 70 70 70 70 70 70 70 70 70 70 70 70 70 70 70 70 70 70 70 70 70 70 70 70 70 70 70 70 70 70 70 70 70 98 27 96 204 ]
[+23-12-20_20_20_35.977598] [8 0 0 0 66 66 66 66 66 66 35 35 35 35 35 35 255 255 255 255 255 255 96 0 71 71 71 71 71 71 71 71 71 71 71 71 71 71 71 71 71 71 71 71 71 71 71 71 71 71 71 71 71 71 71 71 71 71 71 71 71 71 71 71 71 71 71 71 71 71 71 71 71 71 71 71 71 71 71 71 71 71 71 71 71 71 71 71 97 94 229 124 ]
[+23-12-20_20_20_36.976596] [8 0 0 0 66 66 66 66 66 66 35 35 35 35 35 35 255 255 255 255 255 255 112 0 72 72 72 72 72 72 72 72 72 72 72 72 72 72 72 72 72 72 72 72 72 72 72 72 72 72 72 72 72 72 72 72 72 72 72 72 72 72 72 72 72 72 72 72 72 72 72 72 72 72 72 72 72 72 72 72 72 72 72 72 72 72 72 72 211 224 10 221 ]
[+23-12-20_20_20_37.976554] [8 0 0 0 66 66 66 66 66 66 35 35 35 35 35 35 255 255 255 255 255 255 128 0 73 73 73 73 73 73 73 73 73 73 73 73 73 73 73 73 73 73 73 73 73 73 73 73 73 73 73 73 73 73 73 73 73 73 73 73 73 73 73 73 73 73 73 73 73 73 73 73 73 73 73 73 73 73 73 73 73 73 73 73 73 73 73 73 58 155 120 224 ]
[+23-12-20_20_20_38.974472] [8 0 0 0 66 66 66 66 66 66 35 35 35 35 35 35 255 255 255 255 255 255 144 0 74 74 74 74 74 74 74 74 74 74 74 74 74 74 74 74 74 74 74 74 74 74 74 74 74 74 74 74 74 74 74 74 74 74 74 74 74 74 74 74 74 74 74 74 74 74 74 74 74 74 74 74 74 74 74 74 74 74 74 74 74 74 74 74 231 69 4 39 ]
[+23-12-20_20_20_39.980164] [8 0 0 0 66 66 66 66 66 66 35 35 35 35 35 35 255 255 255 255 255 255 160 0 75 75 75 75 75 75 75 75 75 75 75 75 75 75 75 75 75 75 75 75 75 75 75 75 75 75 75 75 75 75 75 75 75 75 75 75 75 75 75 75 75 75 75 75 75 75 75 75 75 75 75 75 75 75 75 75 75 75 75 75 75 75 75 75 228 0 129 151 ]
[+23-12-20_20_20_40.980470] [8 0 0 0 66 66 66 66 66 66 35 35 35 35 35 35 255 255 255 255 255 255 176 0 76 76 76 76 76 76 76 76 76 76 76 76 76 76 76 76 76 76 76 76 76 76 76 76 76 76 76 76 76 76 76 76 76 76 76 76 76 76 76 76 76 76 76 76 76 76 76 76 76 76 76 76 76 76 76 76 76 76 76 76 76 76 76 76 28 254 140 114 ]
[+23-12-20_20_20_41.978282] [8 0 0 0 66 66 66 66 66 66 35 35 35 35 35 35 255 255 255 255 255 255 192 0 77 77 77 77 77 77 77 77 77 77 77 77 77 77 77 77 77 77 77 77 77 77 77 77 77 77 77 77 77 77 77 77 77 77 77 77 77 77 77 77 77 77 77 77 77 77 77 77 77 77 77 77 77 77 77 77 77 77 77 77 77 77 77 77 134 172 139 15 ]
[+23-12-20_20_20_42.976875] [8 0 0 0 66 66 66 66 66 66 35 35 35 35 35 35 255 255 255 255 255 255 208 0 78 78 78 78 78 78 78 78 78 78 78 78 78 78 78 78 78 78 78 78 78 78 78 78 78 78 78 78 78 78 78 78 78 78 78 78 78 78 78 78 78 78 78 78 78 78 78 78 78 78 78 78 78 78 78 78 78 78 78 78 78 78 78 78 91 114 247 200 ]
[+23-12-20_20_20_43.976120] [8 0 0 0 66 66 66 66 66 66 35 35 35 35 35 35 255 255 255 255 255 255 224 0 79 79 79 79 79 79 79 79 79 79 79 79 79 79 79 79 79 79 79 79 79 79 79 79 79 79 79 79 79 79 79 79 79 79 79 79 79 79 79 79 79 79 79 79 79 79 79 79 79 79 79 79 79 79 79 79 79 79 79 79 79 79 79 79 88 55 114 120 ]
[+23-12-20_20_20_45.971212] [8 0 0 0 66 66 66 66 66 66 35 35 35 35 35 35 255 255 255 255 255 255 0 1 81 81 81 81 81 81 81 81 81 81 81 81 81 81 81 81 81 81 81 81 81 81 81 81 81 81 81 81 81 81 81 81 81 81 81 81 81 81 81 81 81 81 81 81 81 81 81 81 81 81 81 81 81 81 81 81 81 81 81 81 81 81 81 81 113 32 193 237 ]
[+23-12-20_20_20_46.982939] [8 0 0 0 66 66 66 66 66 66 35 35 35 35 35 35 255 255 255 255 255 255 16 1 82 82 82 82 82 82 82 82 82 82 82 82 82 82 82 82 82 82 82 82 82 82 82 82 82 82 82 82 82 82 82 82 82 82 82 82 82 82 82 82 82 82 82 82 82 82 82 82 82 82 82 82 82 82 82 82 82 82 82 82 82 82 82 82 172 254 189 42 ]
[+23-12-20_20_20_47.983306] [8 0 0 0 66 66 66 66 66 66 35 35 35 35 35 35 255 255 255 255 255 255 32 1 83 83 83 83 83 83 83 83 83 83 83 83 83 83 83 83 83 83 83 83 83 83 83 83 83 83 83 83 83 83 83 83 83 83 83 83 83 83 83 83 83 83 83 83 83 83 83 83 83 83 83 83 83 83 83 83 83 83 83 83 83 83 83 83 175 187 56 154 ]
