[+23-12-20_20_39_21.188693] [8 0 0 0 66 66 66 66 66 66 35 35 35 35 35 35 255 255 255 255 255 255 0 0 65 65 65 65 65 65 65 65 65 65 65 65 65 65 65 65 65 65 65 65 65 65 65 65 65 65 65 65 65 65 65 65 65 65 65 65 65 65 65 65 65 65 65 65 65 65 65 65 65 65 65 65 65 65 65 65 65 65 65 65 65 65 65 65 3 242 239 228 ]
[+23-12-20_20_39_23.178930] [8 0 0 0 66 66 66 66 66 66 35 35 35 35 35 35 255 255 255 255 255 255 16 0 66 66 66 66 66 66 66 66 66 66 66 66 66 66 66 66 66 66 66 66 66 66 66 66 66 66 66 66 66 66 66 66 66 66 66 66 66 66 66 66 66 66 66 66 66 66 66 66 66 66 66 66 66 66 66 66 66 66 66 66 66 66 66 66 222 44 147 35 ]
[+23-12-20_20_39_25.169248] [8 0 0 0 66 66 66 66 66 66 35 35 35 35 35 35 255 255 255 255 255 255 32 0 67 67 67 67 67 67 67 67 67 67 67 67 67 67 67 67 67 67 67 67 67 67 67 67 67 67 67 67 67 67 67 67 67 67 67 67 67 67 67 67 67 67 67 67 67 67 67 67 67 67 67 67 67 67 67 67 67 67 67 67 67 67 67 67 221 105 22 147 ]
[+23-12-20_20_39_27.159664] [8 0 0 0 66 66 66 66 66 66 35 35 35 35 35 35 255 255 255 255 255 255 48 0 68 68 68 68 68 68 68 68 68 68 68 68 68 68 68 68 68 68 68 68 68 68 68 68 68 68 68 68 68 68 68 68 68 68 68 68 68 68 68 68 68 68 68 68 68 68 68 68 68 68 68 68 68 68 68 68 68 68 68 68 68 68 68 68 37 151 27 118 ]
[+23-12-20_20_39_29.151839] [8 0 0 0 66 66 66 66 66 66 35 35 35 35 35 35 255 255 255 255 255 255 64 0 69 69 69 69 69 69 69 69 69 69 69 69 69 69 69 69 69 69 69 69 69 69 69 69 69 69 69 69 69 69 69 69 69 69 69 69 69 69 69 69 69 69 69 69 69 69 69 69 69 69 69 69 69 69 69 69 69 69 69 69 69 69 69 69 191 197 28 11 ]
[+23-12-20_20_39_31.144283] [8 0 0 0 66 66 66 66 66 66 35 35 35 35 35 35 255 255 255 255 255 255 80 0 70 70 70 70 70 70 70 70 70 70 70 70 70 70 70 70 70 70 70 70 70 70 70 70 70 70 70 70 70 70 70 70 70 70 70 70 70 70 70 70 70 70 70 70 70 70 70 70 70 70 70 70 70 70 70 70 70 70 70 70 70 70 70 70 98 27 96 204 ]
[+23-12-20_20_39_33.141250] [8 0 0 0 66 66 66 66 66 66 35 35 35 35 35 35 255 255 255 255 255 255 96 0 71 71 71 71 71 71 71 71 71 71 71 71 71 71 71 71 71 71 71 71 71 71 71 71 71 71 71 71 71 71 71 71 71 71 71 71 71 71 71 71 71 71 71 71 71 71 71 71 71 71 71 71 71 71 71 71 71 71 71 71 71 71 71 71 97 94 229 124 ]
[+23-12-20_20_39_35.141525] [8 0 0 0 66 66 66 66 66 66 35 35 35 35 35 35 255 255 255 255 255 255 112 0 72 72 72 72 72 72 72 72 72 72 72 72 72 72 72 72 72 72 72 72 72 72 72 72 72 72 72 72 72 72 72 72 72 72 72 72 72 72 72 72 72 72 72 72 72 72 72 72 72 72 72 72 72 72 72 72 72 72 72 72 72 72 72 72 211 224 10 221 ]
[+23-12-20_20_39_37.139724] [8 0 0 0 66 66 66 66 66 66 35 35 35 35 35 35 255 255 255 255 255 255 128 0 73 73 73 73 73 73 73 73 73 73 73 73 73 73 73 73 73 73 73 73 73 73 73 73 73 73 73 73 73 73 73 73 73 73 73 73 73 73 73 73 73 73 73 73 73 73 73 73 73 73 73 73 73 73 73 73 73 73 73 73 73 73 73 73 58 155 120 224 ]
[+23-12-20_20_39_39.146403] [8 0 0 0 66 66 66 66 66 66 35 35 35 35 35 35 255 255 255 255 255 255 144 0 74 74 74 74 74 74 74 74 74 74 74 74 74 74 74 74 74 74 74 74 74 74 74 74 74 74 74 74 74 74 74 74 74 74 74 74 74 74 74 74 74 74 74 74 74 74 74 74 74 74 74 74 74 74 74 74 74 74 74 74 74 74 74 74 231 69 4 39 ]
[+23-12-20_20_39_41.148824] [8 0 0 0 66 66 66 66 66 66 35 35 35 35 35 35 255 255 255 255 255 255 160 0 75 75 75 75 75 75 75 75 75 75 75 75 75 75 75 75 75 75 75 75 75 75 75 75 75 75 75 75 75 75 75 75 75 75 75 75 75 75 75 75 75 75 75 75 75 75 75 75 75 75 75 75 75 75 75 75 75 75 75 75 75 75 75 75 228 0 129 151 ]
[+23-12-20_20_39_43.151035] [8 0 0 0 66 66 66 66 66 66 35 35 35 35 35 35 255 255 255 255 255 255 176 0 76 76 76 76 76 76 76 76 76 76 76 76 76 76 76 76 76 76 76 76 76 76 76 76 76 76 76 76 76 76 76 76 76 76 76 76 76 76 76 76 76 76 76 76 76 76 76 76 76 76 76 76 76 76 76 76 76 76 76 76 76 76 76 76 28 254 140 114 ]
[+23-12-20_20_39_45.152223] [8 0 0 0 66 66 66 66 66 66 35 35 35 35 35 35 255 255 255 255 255 255 192 0 77 77 77 77 77 77 77 77 77 77 77 77 77 77 77 77 77 77 77 77 77 77 77 77 77 77 77 77 77 77 77 77 77 77 77 77 77 77 77 77 77 77 77 77 77 77 77 77 77 77 77 77 77 77 77 77 77 77 77 77 77 77 77 77 134 172 139 15 ]
[+23-12-20_20_39_47.154042] [8 0 0 0 66 66 66 66 66 66 35 35 35 35 35 35 255 255 255 255 255 255 208 0 78 78 78 78 78 78 78 78 78 78 78 78 78 78 78 78 78 78 78 78 78 78 78 78 78 78 78 78 78 78 78 78 78 78 78 78 78 78 78 78 78 78 78 78 78 78 78 78 78 78 78 78 78 78 78 78 78 78 78 78 78 78 78 78 91 114 247 200 ]
[+23-12-20_20_39_49.152637] [8 0 0 0 66 66 66 66 66 66 35 35 35 35 35 35 255 255 255 255 255 255 224 0 79 79 79 79 79 79 79 79 79 79 79 79 79 79 79 79 79 79 79 79 79 79 79 79 79 79 79 79 79 79 79 79 79 79 79 79 79 79 79 79 79 79 79 79 79 79 79 79 79 79 79 79 79 79 79 79 79 79 79 79 79 79 79 79 88 55 114 120 ]
[+23-12-20_20_39_53.156833] [8 0 0 0 66 66 66 66 66 66 35 35 35 35 35 35 255 255 255 255 255 255 0 1 81 81 81 81 81 81 81 81 81 81 81 81 81 81 81 81 81 81 81 81 81 81 81 81 81 81 81 81 81 81 81 81 81 81 81 81 81 81 81 81 81 81 81 81 81 81 81 81 81 81 81 81 81 81 81 81 81 81 81 81 81 81 81 81 113 32 193 237 ]
[+23-12-20_20_39_55.156050] [8 0 0 0 66 66 66 66 66 66 35 35 35 35 35 35 255 255 255 255 255 255 16 1 82 82 82 82 82 82 82 82 82 82 82 82 82 82 82 82 82 82 82 82 82 82 82 82 82 82 82 82 82 82 82 82 82 82 82 82 82 82 82 82 82 82 82 82 82 82 82 82 82 82 82 82 82 82 82 82 82 82 82 82 82 82 82 82 172 254 189 42 ]
[+23-12-20_20_39_57.253986] [8 0 0 0 66 66 66 66 66 66 35 35 35 35 35 35 255 255 255 255 255 255 32 1 83 83 83 83 83 83 83 83 83 83 83 83 83 83 83 83 83 83 83 83 83 83 83 83 83 83 83 83 83 83 83 83 83 83 83 83 83 83 83 83 83 83 83 83 83 83 83 83 83 83 83 83 83 83 83 83 83 83 83 83 83 83 83 83 175 187 56 154 ]
