[+23-12-20_23_48_20.547159] [8 0 0 0 66 66 66 66 66 66 35 35 35 35 35 35 255 255 255 255 255 255 0 0 65 65 65 65 65 65 65 65 65 65 65 65 65 65 65 65 65 65 65 65 65 65 65 65 65 65 65 65 65 65 65 65 65 65 65 65 65 65 65 65 65 65 65 65 65 65 65 65 65 65 65 65 65 65 65 65 65 65 65 65 65 65 65 65 3 242 239 228 ]
[+23-12-20_23_48_22.423502] [8 0 0 0 66 66 66 66 66 66 35 35 35 35 35 35 255 255 255 255 255 255 16 0 66 66 66 66 66 66 66 66 66 66 66 66 66 66 66 66 66 66 66 66 66 66 66 66 66 66 66 66 66 66 66 66 66 66 66 66 66 66 66 66 66 66 66 66 66 66 66 66 66 66 66 66 66 66 66 66 66 66 66 66 66 66 66 66 222 44 147 35 ]
[+23-12-20_23_48_24.414057] [8 0 0 0 66 66 66 66 66 66 35 35 35 35 35 35 255 255 255 255 255 255 32 0 67 67 67 67 67 67 67 67 67 67 67 67 67 67 67 67 67 67 67 67 67 67 67 67 67 67 67 67 67 67 67 67 67 67 67 67 67 67 67 67 67 67 67 67 67 67 67 67 67 67 67 67 67 67 67 67 67 67 67 67 67 67 67 67 221 105 22 147 ]
[+23-12-20_23_48_26.406974] [8 0 0 0 66 66 66 66 66 66 35 35 35 35 35 35 255 255 255 255 255 255 48 0 68 68 68 68 68 68 68 68 68 68 68 68 68 68 68 68 68 68 68 68 68 68 68 68 68 68 68 68 68 68 68 68 68 68 68 68 68 68 68 68 68 68 68 68 68 68 68 68 68 68 68 68 68 68 68 68 68 68 68 68 68 68 68 68 37 151 27 118 ]
[+23-12-20_23_48_28.395700] [8 0 0 0 66 66 66 66 66 66 35 35 35 35 35 35 255 255 255 255 255 255 64 0 69 69 69 69 69 69 69 69 69 69 69 69 69 69 69 69 69 69 69 69 69 69 69 69 69 69 69 69 69 69 69 69 69 69 69 69 69 69 69 69 69 69 69 69 69 69 69 69 69 69 69 69 69 69 69 69 69 69 69 69 69 69 69 69 191 197 28 11 ]
[+23-12-20_23_48_30.384725] [8 0 0 0 66 66 66 66 66 66 35 35 35 35 35 35 255 255 255 255 255 255 80 0 70 70 70 70 70 70 70 70 70 70 70 70 70 70 70 70 70 70 70 70 70 70 70 70 70 70 70 70 70 70 70 70 70 70 70 70 70 70 70 70 70 70 70 70 70 70 70 70 70 70 70 70 70 70 70 70 70 70 70 70 70 70 70 70 98 27 96 204 ]
[+23-12-20_23_48_32.385734] [8 0 0 0 66 66 66 66 66 66 35 35 35 35 35 35 255 255 255 255 255 255 96 0 71 71 71 71 71 71 71 71 71 71 71 71 71 71 71 71 71 71 71 71 71 71 71 71 71 71 71 71 71 71 71 71 71 71 71 71 71 71 71 71 71 71 71 71 71 71 71 71 71 71 71 71 71 71 71 71 71 71 71 71 71 71 71 71 97 94 229 124 ]
[+23-12-20_23_48_34.388931] [8 0 0 0 66 66 66 66 66 66 35 35 35 35 35 35 255 255 255 255 255 255 112 0 72 72 72 72 72 72 72 72 72 72 72 72 72 72 72 72 72 72 72 72 72 72 72 72 72 72 72 72 72 72 72 72 72 72 72 72 72 72 72 72 72 72 72 72 72 72 72 72 72 72 72 72 72 72 72 72 72 72 72 72 72 72 72 72 211 224 10 221 ]
[+23-12-20_23_48_36.388694] [8 0 0 0 66 66 66 66 66 66 35 35 35 35 35 35 255 255 255 255 255 255 128 0 73 73 73 73 73 73 73 73 73 73 73 73 73 73 73 73 73 73 73 73 73 73 73 73 73 73 73 73 73 73 73 73 73 73 73 73 73 73 73 73 73 73 73 73 73 73 73 73 73 73 73 73 73 73 73 73 73 73 73 73 73 73 73 73 58 155 120 224 ]
[+23-12-20_23_48_38.492454] [8 0 0 0 66 66 66 66 66 66 35 35 35 35 35 35 255 255 255 255 255 255 144 0 74 74 74 74 74 74 74 74 74 74 74 74 74 74 74 74 74 74 74 74 74 74 74 74 74 74 74 74 74 74 74 74 74 74 74 74 74 74 74 74 74 74 74 74 74 74 74 74 74 74 74 74 74 74 74 74 74 74 74 74 74 74 74 74 231 69 4 39 ]
[+23-12-20_23_48_40.481429] [8 0 0 0 66 66 66 66 66 66 35 35 35 35 35 35 255 255 255 255 255 255 160 0 75 75 75 75 75 75 75 75 75 75 75 75 75 75 75 75 75 75 75 75 75 75 75 75 75 75 75 75 75 75 75 75 75 75 75 75 75 75 75 75 75 75 75 75 75 75 75 75 75 75 75 75 75 75 75 75 75 75 75 75 75 75 75 75 228 0 129 151 ]
[+23-12-20_23_48_42.470513] [8 0 0 0 66 66 66 66 66 66 35 35 35 35 35 35 255 255 255 255 255 255 176 0 76 76 76 76 76 76 76 76 76 76 76 76 76 76 76 76 76 76 76 76 76 76 76 76 76 76 76 76 76 76 76 76 76 76 76 76 76 76 76 76 76 76 76 76 76 76 76 76 76 76 76 76 76 76 76 76 76 76 76 76 76 76 76 76 28 254 140 114 ]
[+23-12-20_23_48_44.460035] [8 0 0 0 66 66 66 66 66 66 35 35 35 35 35 35 255 255 255 255 255 255 192 0 77 77 77 77 77 77 77 77 77 77 77 77 77 77 77 77 77 77 77 77 77 77 77 77 77 77 77 77 77 77 77 77 77 77 77 77 77 77 77 77 77 77 77 77 77 77 77 77 77 77 77 77 77 77 77 77 77 77 77 77 77 77 77 77 134 172 139 15 ]
[+23-12-20_23_48_46.453995] [8 0 0 0 66 66 66 66 66 66 35 35 35 35 35 35 255 255 255 255 255 255 208 0 78 78 78 78 78 78 78 78 78 78 78 78 78 78 78 78 78 78 78 78 78 78 78 78 78 78 78 78 78 78 78 78 78 78 78 78 78 78 78 78 78 78 78 78 78 78 78 78 78 78 78 78 78 78 78 78 78 78 78 78 78 78 78 78 91 114 247 200 ]
[+23-12-20_23_48_48.452354] [8 0 0 0 66 66 66 66 66 66 35 35 35 35 35 35 255 255 255 255 255 255 224 0 79 79 79 79 79 79 79 79 79 79 79 79 79 79 79 79 79 79 79 79 79 79 79 79 79 79 79 79 79 79 79 79 79 79 79 79 79 79 79 79 79 79 79 79 79 79 79 79 79 79 79 79 79 79 79 79 79 79 79 79 79 79 79 79 88 55 114 120 ]
[+23-12-20_23_48_50.449688] [8 0 0 0 66 66 66 66 66 66 35 35 35 35 35 35 255 255 255 255 255 255 240 0 80 80 80 80 80 80 80 80 80 80 80 80 80 80 80 80 80 80 80 80 80 80 80 80 80 80 80 80 80 80 80 80 80 80 80 80 80 80 80 80 80 80 80 80 80 80 80 80 80 80 80 80 80 80 80 80 80 80 80 80 80 80 80 80 126 9 89 80 ]
[+23-12-20_23_48_52.548705] [8 0 0 0 66 66 66 66 66 66 35 35 35 35 35 35 255 255 255 255 255 255 0 1 81 81 81 81 81 81 81 81 81 81 81 81 81 81 81 81 81 81 81 81 81 81 81 81 81 81 81 81 81 81 81 81 81 81 81 81 81 81 81 81 81 81 81 81 81 81 81 81 81 81 81 81 81 81 81 81 81 81 81 81 81 81 81 81 113 32 193 237 ]
[+23-12-20_23_48_54.425667] [8 0 0 0 66 66 66 66 66 66 35 35 35 35 35 35 255 255 255 255 255 255 16 1 82 82 82 82 82 82 82 82 82 82 82 82 82 82 82 82 82 82 82 82 82 82 82 82 82 82 82 82 82 82 82 82 82 82 82 82 82 82 82 82 82 82 82 82 82 82 82 82 82 82 82 82 82 82 82 82 82 82 82 82 82 82 82 82 172 254 189 42 ]
[+23-12-20_23_48_56.424033] [8 0 0 0 66 66 66 66 66 66 35 35 35 35 35 35 255 255 255 255 255 255 32 1 83 83 83 83 83 83 83 83 83 83 83 83 83 83 83 83 83 83 83 83 83 83 83 83 83 83 83 83 83 83 83 83 83 83 83 83 83 83 83 83 83 83 83 83 83 83 83 83 83 83 83 83 83 83 83 83 83 83 83 83 83 83 83 83 175 187 56 154 ]
[+23-12-20_23_48_58.413455] [8 0 0 0 66 66 66 66 66 66 35 35 35 35 35 35 255 255 255 255 255 255 48 1 84 84 84 84 84 84 84 84 84 84 84 84 84 84 84 84 84 84 84 84 84 84 84 84 84 84 84 84 84 84 84 84 84 84 84 84 84 84 84 84 84 84 84 84 84 84 84 84 84 84 84 84 84 84 84 84 84 84 84 84 84 84 84 84 87 69 53 127 ]
[+23-12-20_23_49_00.410924] [8 0 0 0 66 66 66 66 66 66 35 35 35 35 35 35 255 255 255 255 255 255 64 1 85 85 85 85 85 85 85 85 85 85 85 85 85 85 85 85 85 85 85 85 85 85 85 85 85 85 85 85 85 85 85 85 85 85 85 85 85 85 85 85 85 85 85 85 85 85 85 85 85 85 85 85 85 85 85 85 85 85 85 85 85 85 85 85 205 23 50 2 ]
[+23-12-20_23_49_02.413489] [8 0 0 0 66 66 66 66 66 66 35 35 35 35 35 35 255 255 255 255 255 255 80 1 86 86 86 86 86 86 86 86 86 86 86 86 86 86 86 86 86 86 86 86 86 86 86 86 86 86 86 86 86 86 86 86 86 86 86 86 86 86 86 86 86 86 86 86 86 86 86 86 86 86 86 86 86 86 86 86 86 86 86 86 86 86 86 86 16 201 78 197 ]
[+23-12-20_23_49_04.414750] [8 0 0 0 66 66 66 66 66 66 35 35 35 35 35 35 255 255 255 255 255 255 96 1 87 87 87 87 87 87 87 87 87 87 87 87 87 87 87 87 87 87 87 87 87 87 87 87 87 87 87 87 87 87 87 87 87 87 87 87 87 87 87 87 87 87 87 87 87 87 87 87 87 87 87 87 87 87 87 87 87 87 87 87 87 87 87 87 19 140 203 117 ]
[+23-12-20_23_49_06.417338] [8 0 0 0 66 66 66 66 66 66 35 35 35 35 35 35 255 255 255 255 255 255 112 1 88 88 88 88 88 88 88 88 88 88 88 88 88 88 88 88 88 88 88 88 88 88 88 88 88 88 88 88 88 88 88 88 88 88 88 88 88 88 88 88 88 88 88 88 88 88 88 88 88 88 88 88 88 88 88 88 88 88 88 88 88 88 88 88 161 50 36 212 ]
[+23-12-20_23_49_08.422230] [8 0 0 0 66 66 66 66 66 66 35 35 35 35 35 35 255 255 255 255 255 255 128 1 89 89 89 89 89 89 89 89 89 89 89 89 89 89 89 89 89 89 89 89 89 89 89 89 89 89 89 89 89 89 89 89 89 89 89 89 89 89 89 89 89 89 89 89 89 89 89 89 89 89 89 89 89 89 89 89 89 89 89 89 89 89 89 89 72 73 86 233 ]
[+23-12-20_23_49_10.422857] [8 0 0 0 66 66 66 66 66 66 35 35 35 35 35 35 255 255 255 255 255 255 144 1 90 90 90 90 90 90 90 90 90 90 90 90 90 90 90 90 90 90 90 90 90 90 90 90 90 90 90 90 90 90 90 90 90 90 90 90 90 90 90 90 90 90 90 90 90 90 90 90 90 90 90 90 90 90 90 90 90 90 90 90 90 90 90 90 149 151 42 46 ]
[+23-12-20_23_49_12.524802] [8 0 0 0 66 66 66 66 66 66 35 35 35 35 35 35 255 255 255 255 255 255 160 1 65 65 65 65 65 65 65 65 65 65 65 65 65 65 65 65 65 65 65 65 65 65 65 65 65 65 65 65 65 65 65 65 65 65 65 65 65 65 65 65 65 65 65 65 65 65 65 65 65 65 65 65 65 65 65 65 65 65 65 65 65 65 65 65 122 1 9 175 ]
[+23-12-20_23_49_14.514457] [8 0 0 0 66 66 66 66 66 66 35 35 35 35 35 35 255 255 255 255 255 255 176 1 66 66 66 66 66 66 66 66 66 66 66 66 66 66 66 66 66 66 66 66 66 66 66 66 66 66 66 66 66 66 66 66 66 66 66 66 66 66 66 66 66 66 66 66 66 66 66 66 66 66 66 66 66 66 66 66 66 66 66 66 66 66 66 66 167 223 117 104 ]
