[+23-12-20_20_27_11.155408] [8 0 0 0 66 66 66 66 66 66 35 35 35 35 35 35 255 255 255 255 255 255 0 0 65 65 65 65 65 65 65 65 65 65 65 65 65 65 65 65 65 65 65 65 65 65 65 65 65 65 65 65 65 65 65 65 65 65 65 65 65 65 65 65 65 65 65 65 65 65 65 65 65 65 65 65 65 65 65 65 65 65 65 65 65 65 65 65 3 242 239 228 ]
[+23-12-20_20_27_12.039063] [8 0 0 0 66 66 66 66 66 66 35 35 35 35 35 35 255 255 255 255 255 255 16 0 66 66 66 66 66 66 66 66 66 66 66 66 66 66 66 66 66 66 66 66 66 66 66 66 66 66 66 66 66 66 66 66 66 66 66 66 66 66 66 66 66 66 66 66 66 66 66 66 66 66 66 66 66 66 66 66 66 66 66 66 66 66 66 66 222 44 147 35 ]
[+23-12-20_20_27_13.039695] [8 0 0 0 66 66 66 66 66 66 35 35 35 35 35 35 255 255 255 255 255 255 32 0 67 67 67 67 67 67 67 67 67 67 67 67 67 67 67 67 67 67 67 67 67 67 67 67 67 67 67 67 67 67 67 67 67 67 67 67 67 67 67 67 67 67 67 67 67 67 67 67 67 67 67 67 67 67 67 67 67 67 67 67 67 67 67 67 221 105 22 147 ]
[+23-12-20_20_27_14.036251] [8 0 0 0 66 66 66 66 66 66 35 35 35 35 35 35 255 255 255 255 255 255 48 0 68 68 68 68 68 68 68 68 68 68 68 68 68 68 68 68 68 68 68 68 68 68 68 68 68 68 68 68 68 68 68 68 68 68 68 68 68 68 68 68 68 68 68 68 68 68 68 68 68 68 68 68 68 68 68 68 68 68 68 68 68 68 68 68 37 151 27 118 ]
[+23-12-20_20_27_15.032161] [8 0 0 0 66 66 66 66 66 66 35 35 35 35 35 35 255 255 255 255 255 255 64 0 69 69 69 69 69 69 69 69 69 69 69 69 69 69 69 69 69 69 69 69 69 69 69 69 69 69 69 69 69 69 69 69 69 69 69 69 69 69 69 69 69 69 69 69 69 69 69 69 69 69 69 69 69 69 69 69 69 69 69 69 69 69 69 69 191 197 28 11 ]
[+23-12-20_20_27_16.028511] [8 0 0 0 66 66 66 66 66 66 35 35 35 35 35 35 255 255 255 255 255 255 80 0 70 70 70 70 70 70 70 70 70 70 70 70 70 70 70 70 70 70 70 70 70 70 70 70 70 70 70 70 70 70 70 70 70 70 70 70 70 70 70 70 70 70 70 70 70 70 70 70 70 70 70 70 70 70 70 70 70 70 70 70 70 70 70 70 98 27 96 204 ]
[+23-12-20_20_27_17.023996] [8 0 0 0 66 66 66 66 66 66 35 35 35 35 35 35 255 255 255 255 255 255 96 0 71 71 71 71 71 71 71 71 71 71 71 71 71 71 71 71 71 71 71 71 71 71 71 71 71 71 71 71 71 71 71 71 71 71 71 71 71 71 71 71 71 71 71 71 71 71 71 71 71 71 71 71 71 71 71 71 71 71 71 71 71 71 71 71 97 94 229 124 ]
[+23-12-20_20_27_18.020664] [8 0 0 0 66 66 66 66 66 66 35 35 35 35 35 35 255 255 255 255 255 255 112 0 72 72 72 72 72 72 72 72 72 72 72 72 72 72 72 72 72 72 72 72 72 72 72 72 72 72 72 72 72 72 72 72 72 72 72 72 72 72 72 72 72 72 72 72 72 72 72 72 72 72 72 72 72 72 72 72 72 72 72 72 72 72 72 72 211 224 10 221 ]
[+23-12-20_20_27_19.016669] [8 0 0 0 66 66 66 66 66 66 35 35 35 35 35 35 255 255 255 255 255 255 128 0 73 73 73 73 73 73 73 73 73 73 73 73 73 73 73 73 73 73 73 73 73 73 73 73 73 73 73 73 73 73 73 73 73 73 73 73 73 73 73 73 73 73 73 73 73 73 73 73 73 73 73 73 73 73 73 73 73 73 73 73 73 73 73 73 58 155 120 224 ]
[+23-12-20_20_27_20.012221] [8 0 0 0 66 66 66 66 66 66 35 35 35 35 35 35 255 255 255 255 255 255 144 0 74 74 74 74 74 74 74 74 74 74 74 74 74 74 74 74 74 74 74 74 74 74 74 74 74 74 74 74 74 74 74 74 74 74 74 74 74 74 74 74 74 74 74 74 74 74 74 74 74 74 74 74 74 74 74 74 74 74 74 74 74 74 74 74 231 69 4 39 ]
[+23-12-20_20_27_21.007796] [8 0 0 0 66 66 66 66 66 66 35 35 35 35 35 35 255 255 255 255 255 255 160 0 75 75 75 75 75 75 75 75 75 75 75 75 75 75 75 75 75 75 75 75 75 75 75 75 75 75 75 75 75 75 75 75 75 75 75 75 75 75 75 75 75 75 75 75 75 75 75 75 75 75 75 75 75 75 75 75 75 75 75 75 75 75 75 75 228 0 129 151 ]
[+23-12-20_20_27_22.007865] [8 0 0 0 66 66 66 66 66 66 35 35 35 35 35 35 255 255 255 255 255 255 176 0 76 76 76 76 76 76 76 76 76 76 76 76 76 76 76 76 76 76 76 76 76 76 76 76 76 76 76 76 76 76 76 76 76 76 76 76 76 76 76 76 76 76 76 76 76 76 76 76 76 76 76 76 76 76 76 76 76 76 76 76 76 76 76 76 28 254 140 114 ]
[+23-12-20_20_27_23.007707] [8 0 0 0 66 66 66 66 66 66 35 35 35 35 35 35 255 255 255 255 255 255 192 0 77 77 77 77 77 77 77 77 77 77 77 77 77 77 77 77 77 77 77 77 77 77 77 77 77 77 77 77 77 77 77 77 77 77 77 77 77 77 77 77 77 77 77 77 77 77 77 77 77 77 77 77 77 77 77 77 77 77 77 77 77 77 77 77 134 172 139 15 ]
[+23-12-20_20_27_24.004223] [8 0 0 0 66 66 66 66 66 66 35 35 35 35 35 35 255 255 255 255 255 255 208 0 78 78 78 78 78 78 78 78 78 78 78 78 78 78 78 78 78 78 78 78 78 78 78 78 78 78 78 78 78 78 78 78 78 78 78 78 78 78 78 78 78 78 78 78 78 78 78 78 78 78 78 78 78 78 78 78 78 78 78 78 78 78 78 78 91 114 247 200 ]
[+23-12-20_20_27_25.008367] [8 0 0 0 66 66 66 66 66 66 35 35 35 35 35 35 255 255 255 255 255 255 224 0 79 79 79 79 79 79 79 79 79 79 79 79 79 79 79 79 79 79 79 79 79 79 79 79 79 79 79 79 79 79 79 79 79 79 79 79 79 79 79 79 79 79 79 79 79 79 79 79 79 79 79 79 79 79 79 79 79 79 79 79 79 79 79 79 88 55 114 120 ]
[+23-12-20_20_27_26.005033] [8 0 0 0 66 66 66 66 66 66 35 35 35 35 35 35 255 255 255 255 255 255 240 0 80 80 80 80 80 80 80 80 80 80 80 80 80 80 80 80 80 80 80 80 80 80 80 80 80 80 80 80 80 80 80 80 80 80 80 80 80 80 80 80 80 80 80 80 80 80 80 80 80 80 80 80 80 80 80 80 80 80 80 80 80 80 80 80 126 9 89 80 ]
[+23-12-20_20_27_27.004252] [8 0 0 0 66 66 66 66 66 66 35 35 35 35 35 35 255 255 255 255 255 255 0 1 81 81 81 81 81 81 81 81 81 81 81 81 81 81 81 81 81 81 81 81 81 81 81 81 81 81 81 81 81 81 81 81 81 81 81 81 81 81 81 81 81 81 81 81 81 81 81 81 81 81 81 81 81 81 81 81 81 81 81 81 81 81 81 81 113 32 193 237 ]
[+23-12-20_20_27_27.999967] [8 0 0 0 66 66 66 66 66 66 35 35 35 35 35 35 255 255 255 255 255 255 16 1 82 82 82 82 82 82 82 82 82 82 82 82 82 82 82 82 82 82 82 82 82 82 82 82 82 82 82 82 82 82 82 82 82 82 82 82 82 82 82 82 82 82 82 82 82 82 82 82 82 82 82 82 82 82 82 82 82 82 82 82 82 82 82 82 172 254 189 42 ]
[+23-12-20_20_27_28.995815] [8 0 0 0 66 66 66 66 66 66 35 35 35 35 35 35 255 255 255 255 255 255 32 1 83 83 83 83 83 83 83 83 83 83 83 83 83 83 83 83 83 83 83 83 83 83 83 83 83 83 83 83 83 83 83 83 83 83 83 83 83 83 83 83 83 83 83 83 83 83 83 83 83 83 83 83 83 83 83 83 83 83 83 83 83 83 83 83 175 187 56 154 ]
[+23-12-20_20_27_29.995661] [8 0 0 0 66 66 66 66 66 66 35 35 35 35 35 35 255 255 255 255 255 255 48 1 84 84 84 84 84 84 84 84 84 84 84 84 84 84 84 84 84 84 84 84 84 84 84 84 84 84 84 84 84 84 84 84 84 84 84 84 84 84 84 84 84 84 84 84 84 84 84 84 84 84 84 84 84 84 84 84 84 84 84 84 84 84 84 84 87 69 53 127 ]
[+23-12-20_20_27_31.001203] [8 0 0 0 66 66 66 66 66 66 35 35 35 35 35 35 255 255 255 255 255 255 64 1 85 85 85 85 85 85 85 85 85 85 85 85 85 85 85 85 85 85 85 85 85 85 85 85 85 85 85 85 85 85 85 85 85 85 85 85 85 85 85 85 85 85 85 85 85 85 85 85 85 85 85 85 85 85 85 85 85 85 85 85 85 85 85 85 205 23 50 2 ]
[+23-12-20_20_27_32.002393] [8 0 0 0 66 66 66 66 66 66 35 35 35 35 35 35 255 255 255 255 255 255 80 1 86 86 86 86 86 86 86 86 86 86 86 86 86 86 86 86 86 86 86 86 86 86 86 86 86 86 86 86 86 86 86 86 86 86 86 86 86 86 86 86 86 86 86 86 86 86 86 86 86 86 86 86 86 86 86 86 86 86 86 86 86 86 86 86 16 201 78 197 ]
[+23-12-20_20_27_33.002185] [8 0 0 0 66 66 66 66 66 66 35 35 35 35 35 35 255 255 255 255 255 255 96 1 87 87 87 87 87 87 87 87 87 87 87 87 87 87 87 87 87 87 87 87 87 87 87 87 87 87 87 87 87 87 87 87 87 87 87 87 87 87 87 87 87 87 87 87 87 87 87 87 87 87 87 87 87 87 87 87 87 87 87 87 87 87 87 87 19 140 203 117 ]
